sampleid	purity	PC	PoP	Euploidy	pl.tumor	pl.overall	%amp	%del	%del.loh	%cn.loh
TCGA.3G.AB0O.01A	0.07	0.176	0.977	2	2.04	2	0.118	0.0581	0.116	0.0862
TCGA.3G.AB0T.01A	0.63	0.0937	0	2	2	2	0.0238	0.0699	0	0
TCGA.3G.AB14.01A	0.26	0.115	0.037	2	1.88	1.97	0.017	0.0976	0.00283	0
TCGA.3G.AB19.01A	0.81	0.0582	0	2	1.99	1.99	0.0337	0.0245	0	0
TCGA.3Q.A9WF.01A	0.73	0.473	0	2	2	2	0.231	0.243	0	0
TCGA.3S.A8YW.01A	0.88	0.754	0.589	6	5.43	5.5	0.174	0.58	0	0
TCGA.3S.AAYX.01A	0.91	0.0782	0	2	2	2	0.0248	0.0534	0	0
TCGA.3T.AA9L.01A	0.14	0.0312	0.444	2	2	2	0.0173	0.0139	0.00347	0.00693
TCGA.4V.A9QI.01A	0.12	0.112	0.69	2	1.99	2	0.0363	0.0758	0.0363	0.0269
TCGA.4V.A9QJ.01A	0.11	0.143	0.88	2	2.04	2	0.0894	0.0532	0.0722	0.0361
TCGA.4V.A9QL.01A	0.15	0.0325	0.421	2	1.99	2	0.012	0.0205	0.00685	0
TCGA.4V.A9QM.01A	0.99	0.046	0	2	2	2	0.0129	0.0331	0	0
TCGA.4V.A9QN.01A	0.86	0.364	0.389	2	1.87	1.88	0.128	0.236	0.142	0
TCGA.4V.A9QQ.01A	0.11	0.0966	0.755	2	2	2	0.0493	0.0473	0.0217	0.0414
TCGA.4V.A9QR.01A	0.39	0.544	0.822	4	3.75	3.9	0.133	0.411	0	0
TCGA.4V.A9QS.01A	0.13	0.264	0.716	2	1.99	2	0.0804	0.184	0.112	0.0321
TCGA.4V.A9QT.01A	0.99	0.13	0	2	2	2	0.0714	0.0587	0	0
TCGA.4V.A9QU.01A	0.68	0.0643	0	2	2	2	0.0291	0.0352	0	0
TCGA.4V.A9QW.01A	0.16	0.0271	0.278	2	1.99	2	0.00452	0.0226	0.00452	0.00151
TCGA.4V.A9QX.01A	0.13	0.102	0.733	2	1.97	2	0.0256	0.0768	0.0375	0.029
TCGA.4X.A9F9.01A	0.15	0.0108	0.333	2	2	2	0	0.0108	0.00358	0
TCGA.4X.A9FA.01A	0.11	0.0486	0.76	2	1.99	2	0.0156	0.0331	0.0272	0.00195
TCGA.4X.A9FB.01A	0.82	0.0412	0	2	2	2	0.0179	0.0233	0	0
TCGA.4X.A9FC.01A	0.84	0.0473	0	2	2	2	0.0287	0.0186	0	0
TCGA.4X.A9FD.01A	0.13	0.282	0.818	2	2.09	2.01	0.189	0.0922	0.0495	0.159
TCGA.5G.A9ZZ.01A	0.2	0.212	0.248	2	2.03	2.01	0.144	0.0675	0.0188	0.00375
TCGA.5K.AAAP.01A	0.11	0.26	0.885	2	2.01	2	0.163	0.0967	0.157	0.0217
TCGA.5U.AB0D.01A	0.84	0.489	0.23	4	3.79	3.82	0.188	0.3	0	0
TCGA.5U.AB0E.01A	0.39	0.701	0.44	4	3.49	3.8	0.0757	0.625	0	0.00194
TCGA.5U.AB0F.01A	0.19	0.138	0.27	2	1.95	1.99	0.0446	0.0929	0.0223	0.00186
TCGA.5V.A9RR.01A	0.63	0.00336	0	2	2	2	0.00168	0.00168	0	0
TCGA.X7.A8D6.01A	0.09	0.205	0.928	2	1.99	2	0.107	0.098	0.131	0.0296
TCGA.X7.A8D7.01A	0.72	0.243	0	2	2	2	0.113	0.129	0	0
TCGA.X7.A8D8.01A	0.28	0.00182	0	2	2	2	0.00182	0	0	0
TCGA.X7.A8D9.01A	0.14	0.251	0.561	2	1.96	1.99	0.131	0.12	0.0797	0.0339
TCGA.X7.A8DB.01A	0.07	0.409	0.977	2	2.07	2	0.265	0.144	0.225	0.208
TCGA.X7.A8DC.01A	0.66	0.207	0	2	2	2	0.0987	0.108	0	0
TCGA.X7.A8DD.01A	0.99	0.085	0	2	2	2	0.0277	0.0573	0	0
TCGA.X7.A8DE.01A	0.99	0.0645	0	2	2	2	0.0323	0.0323	0	0
TCGA.X7.A8DF.01A	0.12	0.112	0.828	2	1.98	2	0.0464	0.0658	0.0716	0.00774
TCGA.X7.A8DG.01A	0.99	0.117	0	2	2	2	0.05	0.0667	0	0
TCGA.X7.A8DI.01A	0.1	0.0514	0.778	2	1.99	2	0.019	0.0324	0.0152	0.00952
TCGA.X7.A8DJ.01A	0.98	0.154	0	2	2	2	0.0618	0.0918	0	0
TCGA.X7.A8M0.01A	0.21	0.177	0.144	2	1.96	1.99	0.0629	0.114	0.0138	0.00196
TCGA.X7.A8M1.01A	0.89	0.334	0	2	1.99	1.99	0.152	0.182	0	0
TCGA.X7.A8M3.01A	0.88	0.788	0.393	2	1.24	1.33	0.00972	0.778	0.31	0
TCGA.X7.A8M4.01A	0.99	0.0854	0	2	2	2	0.0369	0.0485	0	0
TCGA.X7.A8M5.01A	0.1	0.229	0.919	2	2.04	2	0.143	0.0855	0.134	0.0353
TCGA.X7.A8M6.01A	0.13	0.048	0.68	2	2.01	2	0.0345	0.0134	0.0154	0.0096
TCGA.X7.A8M7.01A	0.05	0.00729	1	2	2.02	2	0.00729	0	0.00546	0.00364
TCGA.X7.A8M8.01A	0.63	0.404	0	2	2	2	0.202	0.202	0	0
TCGA.XH.A853.01A	0.11	0.24	0.886	2	2.03	2	0.149	0.0911	0.158	0.0328
TCGA.XM.A8R8.01A	0.13	0.00165	1	2	2	2	0	0.00165	0	0.00165
TCGA.XM.A8R9.01A	0.85	0.23	0	2	2	2	0.11	0.119	0	0
TCGA.XM.A8RB.01A	0.11	0.107	0.787	2	2.02	2	0.0667	0.0404	0.0439	0.0193
TCGA.XM.A8RC.01A	0.14	0.175	0.6	2	1.94	1.99	0.0518	0.124	0.0651	0.02
TCGA.XM.A8RD.01A	0.13	0.0867	0.733	2	1.98	2	0.027	0.0597	0.052	0.00771
TCGA.XM.A8RE.01A	0.14	0.153	0.383	2	1.9	1.99	0.0408	0.113	0.0424	0.00653
TCGA.XM.A8RF.01A	0.73	0.256	0.0145	2	1.99	1.99	0.126	0.13	0.00185	0
TCGA.XM.A8RG.01A	0.93	0.246	0.129	2	1.95	1.95	0.117	0.129	0.0317	0
TCGA.XM.A8RH.01A	0.63	0.0471	0	2	2	2	0.018	0.0291	0	0
TCGA.XM.A8RI.01A	0.73	0.322	0	2	2	2	0.111	0.211	0	0
TCGA.XM.A8RL.01A	0.61	0.0045	0	2	2	2	0	0.0045	0	0
TCGA.XM.AAZ1.01A	0.1	0.263	0.947	2	2.04	2	0.0801	0.183	0.148	0.047
TCGA.XU.A92O.01A	0.66	0.385	0	2	2	2	0.175	0.21	0	0
TCGA.XU.A92Q.01A	0.94	0.00982	0	2	2	2	0	0.00982	0	0
TCGA.XU.A92R.01A	0.11	0.149	0.827	2	2	2	0.0624	0.0862	0.0679	0.0294
TCGA.XU.A92T.01A	0.95	0.0565	0	2	2	2	0.0312	0.0253	0	0
TCGA.XU.A92U.01A	0.73	0.0886	0	2	2	2	0.0644	0.0242	0	0
TCGA.XU.A92V.01A	0.41	0.521	0	2	2.01	2	0.29	0.231	0	0
TCGA.XU.A92W.01A	0.14	0.141	0.514	2	2.02	2	0.0667	0.0743	0.0248	0.021
TCGA.XU.A92X.01A	0.18	0.317	0.531	2	1.91	1.98	0.147	0.17	0.081	0.0512
TCGA.XU.A92Y.01A	0.97	0.0111	0.143	2	2	2	0.00317	0.00792	0	0.00158
TCGA.XU.A92Z.01A	0.55	0.24	0	2	1.97	1.98	0.0695	0.17	0	0
TCGA.XU.A930.01A	0.86	0.141	0.179	2	2.07	2.06	0.107	0.0344	0	0.00181
TCGA.XU.A931.01A	0.62	0.325	0.218	2	2.15	2.09	0.217	0.108	0.0197	0
TCGA.XU.A932.01A	0.12	0.12	0.867	2	2.01	2	0.0518	0.0677	0.0299	0.0598
TCGA.XU.A933.01A	0.78	0.164	0.101	2	1.99	1.99	0.0277	0.137	0.0166	0
TCGA.XU.A936.01A	0.48	0.662	0.387	4	3.84	3.93	0.202	0.46	0	0
TCGA.XU.AAXW.01A	0.72	0.0427	0	2	2	2	0.00583	0.0369	0	0
TCGA.XU.AAXX.01A	0.13	0.0506	0.679	2	1.99	2	0.0127	0.038	0.0289	0.00181
TCGA.XU.AAXY.01A	0.08	0.11	1	2	2.02	2	0.0499	0.0599	0.0739	0.0299
TCGA.XU.AAXZ.01A	0.78	0.127	0	2	2	2	0.0598	0.0676	0	0
TCGA.XU.AAY0.01A	0.91	0.0884	0.0208	2	2	2	0.0718	0.0166	0	0.00184
TCGA.XU.AAY1.01A	0.12	0.246	0.824	2	1.99	2	0.124	0.122	0.118	0.047
TCGA.YT.A95D.01A	0.51	0.393	0.0302	2	1.96	1.98	0.178	0.215	0.0119	0
TCGA.YT.A95E.01A	0.75	0.101	0	2	2	2	0.061	0.04	0	0
TCGA.YT.A95F.01A	0.71	0.336	0	2	2	2	0.173	0.163	0	0
TCGA.YT.A95G.01A	0.14	0.368	0.687	2	2.25	2.03	0.186	0.182	0.134	0.00929
TCGA.YT.A95H.01A	0.17	0.19	0.353	2	2.01	2	0.121	0.0689	0.0112	0.0186
TCGA.ZB.A961.01A	0.46	0.354	0.184	2	1.9	1.96	0.149	0.206	0.0337	0
TCGA.ZB.A962.01A	0.94	0.124	0.0267	2	1.99	1.99	0.0497	0.0745	0.00331	0
TCGA.ZB.A963.01A	0.53	0.00472	0	2	2	2	0	0.00472	0	0
TCGA.ZB.A964.01A	0.66	0.311	0	2	2	2	0.18	0.132	0	0
TCGA.ZB.A965.01A	0.05	0.56	0.238	2	1.6	1.98	0.00164	0.558	0.0952	0.0739
TCGA.ZB.A966.01A	0.61	0.221	0.172	2	2	2	0.115	0.107	0.00573	0
TCGA.ZB.A969.01A	0.9	0.268	0.22	2	1.91	1.92	0.0873	0.18	0.0588	0
TCGA.ZB.A96A.01A	0.67	0.212	0	2	2.01	2	0.146	0.0661	0	0
TCGA.ZB.A96B.01A	0.7	0.125	0	2	2	2	0.0604	0.0641	0	0
TCGA.ZB.A96C.01A	0.8	0.255	0	2	1.99	1.99	0.139	0.117	0	0
TCGA.ZB.A96D.01A	0.13	0.0336	0.619	2	2	2	0.0144	0.0192	0.0112	0.0064
TCGA.ZB.A96E.01A	0.18	0.101	0.0588	2	2.02	2	0.101	0	0	0.00198
TCGA.ZB.A96F.01A	0.17	0.444	0.231	2	2.04	2.01	0.0664	0.378	0.0133	0.0493
TCGA.ZB.A96G.01A	0.71	0.143	0	2	2	2	0.0833	0.0595	0	0
TCGA.ZB.A96H.01A	0.88	0.269	0.00699	2	2	2	0.149	0.121	0.00188	0
TCGA.ZB.A96I.01A	0.64	0.233	0.0758	2	1.87	1.92	0.0601	0.173	0.0141	0
TCGA.ZB.A96K.01A	0.15	0.174	0.554	2	2	2	0.0967	0.0777	0.0432	0.0276
TCGA.ZB.A96L.01A	0.81	0.202	0.024	2	1.98	1.98	0.0922	0.11	0.00485	0
TCGA.ZB.A96M.01A	0.72	0.0901	0	2	2	2	0.0432	0.0469	0	0
TCGA.ZB.A96O.01A	0.69	0.185	0	2	2	2	0.0741	0.111	0	0
TCGA.ZB.A96P.01A	0.05	0	NaN	2	2	2	0	0	0	0
TCGA.ZB.A96Q.01A	0.07	0.37	0.989	2	2.06	2	0.211	0.159	0.195	0.185
TCGA.ZB.A96R.01A	0.91	0.149	0	2	2	2	0.0497	0.0994	0	0
TCGA.ZB.A96V.01A	0.44	0.254	0.208	2	2.11	2.05	0.158	0.0953	0.0243	0
TCGA.ZC.AAA7.01A	0.54	0.398	0.459	2	1.98	1.99	0.123	0.275	0.0615	0.0346
TCGA.ZC.AAAA.01A	0.77	0.523	0	2	1.99	1.99	0.242	0.28	0	0
TCGA.ZC.AAAF.01A	0.71	0.421	0	2	1.99	2	0.182	0.239	0	0
TCGA.ZC.AAAH.01A	0.83	0.0283	0	2	2	2	0.0133	0.015	0	0
TCGA.ZL.A9V6.01A	0.18	0.00172	0	2	2	2	0.00172	0	0	0
TCGA.ZT.A8OM.01A	0.83	0.365	0	2	2	2	0.198	0.167	0	0
