sampleid	purity	PC	PoP	Euploidy	pl.tumor	pl.overall	%amp	%del	%del.loh	%cn.loh
TCGA.2H.A9GF.01A	0.83	0.491	0.0885	2	1.73	1.77	0.0371	0.454	0.0141	0.0115
TCGA.2H.A9GH.01A	0.7	0.518	0.302	4	3.84	3.89	0.179	0.339	0	0
TCGA.2H.A9GI.01A	0.61	0.779	0.233	2	2.28	2.17	0.501	0.278	0.0256	0.0533
TCGA.2H.A9GJ.01A	0.84	0.653	0.385	4	3.97	3.97	0.248	0.405	0	0
TCGA.2H.A9GK.01A	0.28	0.318	0.136	2	2.08	2.02	0.124	0.194	0.00975	0
TCGA.2H.A9GL.01A	0.76	0.833	0.222	2	2.18	2.14	0.517	0.315	0	0.14
TCGA.2H.A9GM.01A	0.76	0.801	0.17	4	3.57	3.67	0.15	0.652	0	0
TCGA.2H.A9GN.01A	0.81	0.75	0.432	4	3.35	3.47	0.169	0.581	0	0
TCGA.2H.A9GO.01A	0.51	0.769	0.41	4	3.75	3.87	0.253	0.516	0	0
TCGA.2H.A9GQ.01A	0.88	0.576	0.0238	2	1.82	1.85	0.101	0.476	0.00152	0.00152
TCGA.2H.A9GR.01A	0.49	0.49	0.349	4	3.96	3.98	0.228	0.263	0	0
TCGA.IC.A6RE.01A	0.65	0.257	0.349	2	2.08	2.05	0.174	0.083	0	0.0512
TCGA.IC.A6RF.01A	0.62	0.296	0.0426	2	2.03	2.02	0.0772	0.219	0	0.00787
TCGA.IG.A3I8.01A	0.85	0.332	0.486	4	4.13	4.11	0.163	0.17	0	0
TCGA.IG.A3QL.01A	0.83	0.664	0.404	4	3.8	3.83	0.181	0.483	0	0
TCGA.IG.A3Y9.01A	0.2	0.413	0.289	2	2.03	2.01	0.171	0.242	0.0679	0.00367
TCGA.IG.A3YA.01A	0.19	0.319	0.505	2	1.96	1.99	0.102	0.217	0.0949	0.022
TCGA.IG.A3YB.01A	0.65	0.713	0.289	4	3.7	3.81	0.212	0.501	0	0
TCGA.IG.A4P3.01A	0.48	0.371	0.553	4	4.05	4.02	0.125	0.246	0	0
TCGA.IG.A4QS.01A	0.82	0.892	0.389	6	5.77	5.81	0.358	0.533	0	0
TCGA.IG.A4QT.01A	0.6	0.011	0	2	2	2	0	0.011	0	0
TCGA.IG.A50L.01A	0.54	0.747	0.58	4	3.64	3.8	0.214	0.534	0	0
TCGA.IG.A51D.01A	0.49	0.743	0.642	4	4.08	4.04	0.2	0.543	0	0
TCGA.IG.A5B8.01A	0.45	0.5	0.108	2	2.24	2.11	0.324	0.176	0	0.00538
TCGA.IG.A5S3.01A	0.74	0.821	0.162	4	3.95	3.96	0.349	0.472	0	0
TCGA.IG.A625.01A	0.72	0.618	0.255	2	2.19	2.14	0.36	0.259	0.0141	0.0586
TCGA.IG.A6QS.01A	0.69	0.584	0.183	2	1.84	1.89	0.148	0.436	0.0597	0.0416
TCGA.IG.A7DP.01A	0.61	0.196	0	2	2	2	0.0633	0.133	0	0
TCGA.IG.A8O2.01A	0.77	0.541	0.244	4	3.79	3.84	0.166	0.375	0	0
TCGA.IG.A97H.01A	0.5	0.432	0.205	2	2.15	2.08	0.241	0.191	0	0.00394
TCGA.IG.A97I.01A	0.64	0.293	0.327	2	1.9	1.94	0.0707	0.223	0.0598	0.0254
TCGA.JY.A6F8.01A	0.73	0.568	0.411	4	4.67	4.49	0.409	0.159	0	0
TCGA.JY.A6FA.01A	0.81	0.565	0.233	2	1.88	1.9	0.121	0.444	0.0494	0.042
TCGA.JY.A6FB.01A	0.73	0.544	0.0719	2	1.95	1.96	0.222	0.322	0.00372	0.0261
TCGA.JY.A6FD.01A	0.31	0.358	0.177	2	2.04	2.01	0.193	0.164	0.0263	0
TCGA.JY.A6FE.01A	0.73	0.791	0.084	2	1.71	1.79	0.186	0.605	0.0113	0.0243
TCGA.JY.A6FG.01A	0.74	0.246	0.0451	2	2.05	2.04	0.146	0.1	0.0037	0
TCGA.JY.A6FH.01A	0.77	0.519	0.0406	2	1.66	1.74	0.104	0.415	0.00451	0.0135
TCGA.JY.A938.01A	0.37	0.297	0.281	2	1.79	1.92	0.0543	0.242	0.0543	0
TCGA.JY.A939.01A	0.72	0.0296	0.0909	2	2.01	2.01	0.0121	0.0175	0	0
TCGA.JY.A93C.01A	0.8	0.479	0.316	4	3.74	3.79	0.0934	0.386	0	0
TCGA.JY.A93D.01A	0.28	0.472	0.273	2	2.24	2.07	0.29	0.182	0.0209	0.0417
TCGA.JY.A93E.01A	0.48	0.496	0.166	2	2.13	2.06	0.245	0.251	0.0134	0.023
TCGA.JY.A93F.01A	0.41	0.281	0.147	2	2.1	2.04	0.178	0.103	0	0
TCGA.KH.A6WC.01A	0.5	0.1	0	2	2	2	0.0463	0.0537	0	0
TCGA.L5.A43C.01A	0.16	0.151	0.375	2	1.92	1.99	0.00943	0.142	0.0362	0.0173
TCGA.L5.A43E.01A	0.73	0.644	0.431	4	4.25	4.18	0.311	0.332	0	0
TCGA.L5.A43H.01A	0.57	0.344	0.0995	2	2.07	2.04	0.168	0.176	0.00156	0.00778
TCGA.L5.A43I.01A	0.69	0.458	0.101	2	1.93	1.95	0.121	0.337	0.00774	0.0217
TCGA.L5.A43J.01A	0.79	0.508	0.467	4	3.98	3.98	0.179	0.329	0	0
TCGA.L5.A4OE.01A	0.53	0.473	0.343	4	3.68	3.83	0.101	0.372	0	0
TCGA.L5.A4OF.01A	0.57	0.339	0.195	2	2.04	2.02	0.142	0.197	0	0.0298
TCGA.L5.A4OG.01A	0.5	0.683	0.165	2	1.96	1.98	0.33	0.353	0	0.0833
TCGA.L5.A4OH.01A	0.8	0.528	0.127	2	1.82	1.85	0.0906	0.437	0.0497	0.0117
TCGA.L5.A4OI.01A	0.8	0.416	0.182	2	2.19	2.15	0.307	0.109	0	0.0156
TCGA.L5.A4OJ.01A	0.79	0.407	0.114	2	1.83	1.87	0.0941	0.313	0.0444	0
TCGA.L5.A4OM.01A	0.85	0.595	0.0924	2	1.9	1.92	0.173	0.422	0.0432	0
TCGA.L5.A4ON.01A	0.78	0.631	0.15	2	2.01	2.01	0.221	0.41	0.00464	0.0355
TCGA.L5.A4OO.01A	0.24	0.221	0.222	2	2.07	2.02	0.124	0.0966	0.0131	0
TCGA.L5.A4OP.01A	0.69	0.425	0.0776	2	1.77	1.84	0.104	0.321	0.00549	0.0238
TCGA.L5.A4OQ.01A	0.64	0.239	0.273	2	2.11	2.07	0.136	0.102	0	0.0104
TCGA.L5.A4OR.01A	0.79	0.56	0.308	4	3.93	3.95	0.207	0.353	0	0
TCGA.L5.A4OS.01A	0.19	0.413	0.359	2	2.19	2.04	0.226	0.187	0.05	0.013
TCGA.L5.A4OT.01A	0.61	0.591	0.13	2	2.01	2	0.231	0.36	0.0067	0.0402
TCGA.L5.A4OU.01A	0.2	0.303	0.183	2	2.08	2.02	0.16	0.143	0.0185	0
TCGA.L5.A4OW.01A	0.57	0.527	0.181	2	2.17	2.1	0.328	0.199	0	0.0428
TCGA.L5.A4OX.01A	0.62	0.565	0.0245	2	1.98	1.99	0.307	0.258	0	0.0052
TCGA.L5.A88S.01A	0.41	0.509	0.189	2	1.95	1.98	0.189	0.32	0.0157	0.0511
TCGA.L5.A88T.01A	0.85	0.0166	0	2	2	2	0.00554	0.0111	0	0
TCGA.L5.A88V.01A	0.92	0.486	0.218	2	1.76	1.78	0.0574	0.429	0.0869	0.0103
TCGA.L5.A88W.01A	0.09	0.19	1	2	2.02	2	0.122	0.0681	0.134	0.018
TCGA.L5.A88Y.01A	0.57	0.803	0.311	4	4.01	4.01	0.394	0.408	0	0
TCGA.L5.A88Z.01A	0.8	0.404	0.0585	2	1.94	1.96	0.159	0.244	0.0197	0.00394
TCGA.L5.A891.01A	0.89	0.495	0.375	4	3.39	3.45	0.0418	0.453	0	0
TCGA.L5.A893.01A	0.37	0.358	0.4	4	3.96	3.99	0.11	0.248	0	0
TCGA.L5.A8NE.01A	0.78	0.425	0.371	4	3.83	3.87	0.147	0.277	0	0
TCGA.L5.A8NF.01A	0.84	0.503	0.287	4	3.78	3.82	0.133	0.37	0	0
TCGA.L5.A8NG.01A	0.47	0.371	0.55	4	3.82	3.91	0.0901	0.281	0	0.00368
TCGA.L5.A8NH.01A	0.65	0.515	0.143	2	1.98	1.99	0.139	0.376	0	0.0523
TCGA.L5.A8NI.01A	0.63	0.385	0.241	2	1.73	1.83	0.0412	0.344	0.0636	0.0292
TCGA.L5.A8NJ.01A	0.85	0.545	0.477	6	5.34	5.44	0.124	0.422	0	0
TCGA.L5.A8NK.01A	0.47	0.379	0.103	2	2.05	2.02	0.168	0.21	0	0
TCGA.L5.A8NL.01A	0.23	0.0741	0.364	2	2.01	2	0.0185	0.0556	0.0152	0.00168
TCGA.L5.A8NM.01A	0.62	0.072	0	2	2	2	0.00389	0.0681	0	0
TCGA.L5.A8NN.01A	0.63	0.398	0.188	2	1.98	1.99	0.124	0.274	0.00663	0.0514
TCGA.L5.A8NQ.01A	0.21	0.42	0.324	2	2.08	2.02	0.203	0.216	0.0287	0.0517
TCGA.L5.A8NR.01A	0.69	0.865	0.201	2	2.42	2.29	0.655	0.21	0.0139	0.0356
TCGA.L5.A8NS.01A	0.59	0.491	0.331	4	3.81	3.89	0.186	0.306	0	0
TCGA.L5.A8NT.01A	0.65	0.411	0.531	4	3.57	3.72	0.0807	0.33	0	0
TCGA.L5.A8NU.01A	0.21	0.201	0.274	2	1.91	1.98	0.053	0.148	0.0436	0
TCGA.L5.A8NV.01A	0.54	0.313	0.106	2	2.06	2.03	0.162	0.151	0.00315	0.0126
TCGA.L5.A8NW.01A	0.63	0.684	0.19	2	1.87	1.92	0.149	0.535	0.00868	0.0712
TCGA.L7.A56G.01A	0.64	0.696	0.0975	2	1.93	1.96	0.285	0.41	0.0226	0
TCGA.L7.A6VZ.01A	0.8	0.654	0.384	4	3.99	3.99	0.278	0.376	0	0
TCGA.LN.A49K.01A	0.65	0.488	0.177	2	1.89	1.93	0.124	0.364	0.00508	0.039
TCGA.LN.A49L.01A	0.7	0.692	0.146	2	1.89	1.92	0.211	0.481	0.00708	0.0425
TCGA.LN.A49M.01A	0.69	0.416	0.236	2	1.7	1.79	0.0533	0.363	0.0779	0.0143
TCGA.LN.A49N.01A	0.4	0.3	0.377	2	2.33	2.13	0.276	0.0241	0	0.0037
TCGA.LN.A49O.01A	0.66	0.651	0.208	2	2	2	0.226	0.425	0.00186	0.0928
TCGA.LN.A49P.01A	0.37	0.581	0.626	2	2.35	2.13	0.399	0.182	0	0.219
TCGA.LN.A49R.01A	0.83	0.669	0.401	4	3.65	3.71	0.227	0.442	0	0
TCGA.LN.A49S.01A	0.56	0.267	0.232	2	2.07	2.04	0.138	0.129	0	0.0177
TCGA.LN.A49U.01A	0.75	0.544	0.191	2	2.04	2.03	0.254	0.29	0.0157	0.0646
TCGA.LN.A49V.01A	0.93	0.821	0.448	6	4.68	4.77	0.0915	0.73	0	0
TCGA.LN.A49W.01A	0.43	0.114	0.27	2	2.1	2.04	0.065	0.0487	0	0.00361
TCGA.LN.A49X.01A	0.21	0.154	0.384	2	2.02	2	0.0376	0.116	0.0358	0.00179
TCGA.LN.A49Y.01A	0.91	0.571	0.0699	2	1.89	1.9	0.184	0.387	0.02	0
TCGA.LN.A4A1.01A	0.66	0.594	0.709	4	3.4	3.61	0.1	0.494	0	0
TCGA.LN.A4A2.01A	0.67	0.403	0.242	4	3.9	3.94	0.132	0.272	0	0
TCGA.LN.A4A3.01A	0.43	0.286	0.31	2	2.12	2.05	0.112	0.174	0.0118	0.0178
TCGA.LN.A4A4.01A	0.69	0.685	0.282	2	2.09	2.06	0.247	0.438	0	0.0705
TCGA.LN.A4A5.01A	0.25	0.431	0.466	2	1.96	1.99	0.192	0.239	0.121	0.0254
TCGA.LN.A4A6.01A	0.57	0.236	0.493	2	2.16	2.09	0.193	0.0428	0	0.0342
TCGA.LN.A4A8.01A	0.71	0.377	0.269	2	1.95	1.97	0.138	0.239	0.0466	0.0263
TCGA.LN.A4A9.01A	0.72	0.775	0.166	2	1.87	1.91	0.182	0.593	0.025	0.0576
TCGA.LN.A4MQ.01A	0.61	0.548	0.109	2	1.83	1.9	0.142	0.406	0.00171	0.029
TCGA.LN.A4MR.01A	0.52	0.395	0.317	2	2.42	2.22	0.354	0.0418	0	0.0697
TCGA.LN.A5U5.01A	0.72	0.566	0.17	2	1.9	1.93	0.151	0.415	0.00305	0.0504
TCGA.LN.A5U6.01A	0.72	0.671	0.127	2	1.92	1.95	0.245	0.426	0.0142	0.0507
TCGA.LN.A5U7.01A	0.85	0.646	0.147	4	3.72	3.76	0.204	0.442	0	0
TCGA.LN.A7HV.01A	0.62	0.441	0.243	2	1.68	1.8	0.0488	0.393	0.0703	0.0332
TCGA.LN.A7HW.01A	0.75	0.567	0.114	2	1.66	1.74	0.0787	0.488	0.0465	0
TCGA.LN.A7HY.01A	0.64	0.63	0.222	2	1.85	1.91	0.154	0.476	0.0335	0.065
TCGA.LN.A7HZ.01A	0.72	0.6	0.164	2	2.04	2.03	0.266	0.334	0.00377	0.0528
TCGA.LN.A8HZ.01A	0.88	0.344	0.179	2	1.91	1.92	0.0805	0.264	0.0497	0.00118
TCGA.LN.A8I0.01A	0.67	0.448	0.14	2	1.89	1.92	0.176	0.272	0.0167	0.0251
TCGA.LN.A8I1.01A	0.78	0.486	0.119	2	1.84	1.87	0.119	0.367	0.0273	0.0129
TCGA.LN.A9FO.01A	0.75	0.676	0.516	4	3.56	3.67	0.147	0.529	0	0
TCGA.LN.A9FP.01A	0.13	0.212	0.704	2	1.99	2	0.0958	0.116	0.0718	0.0571
TCGA.LN.A9FQ.01A	0.76	0.581	0.157	2	1.92	1.94	0.203	0.378	0.00775	0.00775
TCGA.LN.A9FR.01A	0.53	0.559	0.168	2	1.6	1.79	0.0418	0.518	0.0585	0.0271
TCGA.M9.A5M8.01A	0.55	0.482	0.567	4	3.55	3.75	0.159	0.323	0	0.00155
TCGA.Q9.A6FU.01A	0.69	0.482	0.209	2	1.85	1.9	0.143	0.339	0.0261	0.0375
TCGA.Q9.A6FW.01A	0.45	0.578	0.106	2	2.02	2.01	0.217	0.361	0.0018	0.0144
TCGA.R6.A6DN.01B	0.83	0.736	0.562	4	4.02	4.02	0.255	0.48	0	0
TCGA.R6.A6DQ.01B	0.52	0.31	0.528	4	3.88	3.94	0.0739	0.236	0	0
TCGA.R6.A6KZ.01A	0.54	0.418	0.168	2	1.87	1.93	0.0829	0.335	0.00541	0.0486
TCGA.R6.A6L4.01A	0.46	0.503	0.746	2	2.69	2.32	0.444	0.0587	0	0.0466
TCGA.R6.A6L6.01B	0.17	0.375	0.433	2	2.01	2	0.0905	0.285	0.0838	0.0218
TCGA.R6.A6XG.01B	0.77	0.631	0.0919	2	1.88	1.91	0.193	0.439	0.0119	0.0324
TCGA.R6.A6XQ.01B	0.85	0.719	0.31	4	3.61	3.67	0.212	0.507	0	0
TCGA.R6.A6Y0.01B	0.33	0.327	0.422	2	2.15	2.05	0.194	0.132	0.00363	0.0363
TCGA.R6.A6Y2.01B	0.55	0.755	0.165	2	1.87	1.93	0.0997	0.655	0	0.0964
TCGA.R6.A8W5.01B	0.18	0.328	0.262	2	1.73	1.95	0.0875	0.241	0.064	0.00842
TCGA.R6.A8W8.01B	0.74	0.613	0.0867	2	2.12	2.09	0.309	0.305	0.00177	0.0213
TCGA.R6.A8WC.01A	0.89	0.823	0.0918	2	2.37	2.33	0.517	0.306	0.00199	0.0616
TCGA.R6.A8WG.01A	0.67	0.619	0.0521	2	1.69	1.79	0.108	0.511	0.029	0
TCGA.RE.A7BO.01A	0.57	0.657	0.258	2	2.16	2.09	0.447	0.21	0.00186	0.0968
TCGA.S8.A6BV.01A	0.5	0.283	0.28	2	2.18	2.09	0.193	0.0896	0	0.0105
TCGA.S8.A6BW.01A	0.73	0.531	0.564	4	3.53	3.66	0.127	0.404	0	0
TCGA.V5.A7RB.01A	0.6	0.371	0.314	2	1.99	1.99	0.118	0.253	0.0512	0.053
TCGA.V5.A7RC.01B	0.73	0.543	0.295	4	4.06	4.04	0.185	0.358	0	0
TCGA.V5.A7RC.06A	0.66	0.427	0.581	4	3.91	3.94	0.103	0.324	0	0
TCGA.V5.A7RE.01A	0.69	0.578	0.0203	2	1.9	1.93	0.277	0.301	0.00195	0.00586
TCGA.V5.AASV.01A	0.73	0.486	0.0932	2	2.26	2.19	0.341	0.145	0.00174	0.0244
TCGA.V5.AASW.01A	0.8	0.771	0.33	4	3.1	3.28	0.0544	0.717	0	0
TCGA.V5.AASX.01A	0.67	0.258	0.0146	2	1.95	1.97	0.0772	0.181	0.00377	0
TCGA.VR.A8EO.01A	0.93	0.481	0.363	4	3.82	3.83	0.156	0.325	0	0
TCGA.VR.A8EP.01A	0.59	0.617	0.557	4	3.31	3.6	0.0773	0.54	0	0
TCGA.VR.A8EQ.01A	0.62	0.161	0.451	2	2.11	2.07	0.126	0.0357	0	0.0225
TCGA.VR.A8ER.01A	0.61	0.537	0.117	2	1.92	1.95	0.196	0.341	0.0333	0.0148
TCGA.VR.A8ET.01A	0.14	0.228	0.494	2	2.03	2	0.0688	0.16	0.0659	0.0264
TCGA.VR.A8EU.01A	0.66	0.575	0.266	4	3.87	3.92	0.186	0.389	0	0
TCGA.VR.A8EW.01A	0.8	0.551	0.229	4	3.88	3.91	0.192	0.359	0	0
TCGA.VR.A8EX.01A	0.44	0.587	0.409	4	3.82	3.92	0.207	0.38	0	0
TCGA.VR.A8EY.01A	0.76	0.577	0.223	2	2.27	2.21	0.331	0.246	0.0239	0.0607
TCGA.VR.A8EZ.01A	0.78	0.781	0.284	4	3.29	3.45	0.0949	0.686	0	0
TCGA.VR.A8Q7.01A	0.54	0.664	0.379	4	3.71	3.84	0.159	0.505	0	0
TCGA.VR.AA4D.01A	0.81	0.567	0.298	4	3.79	3.83	0.159	0.408	0	0
TCGA.VR.AA4G.01A	0.51	0.501	0.386	2	1.9	1.95	0.146	0.355	0.0512	0.108
TCGA.VR.AA7B.01A	0.69	0.761	0.45	4	3.81	3.87	0.301	0.459	0	0
TCGA.VR.AA7D.01A	0.68	0.48	0.232	2	2.06	2.04	0.232	0.248	0.0144	0.0414
TCGA.VR.AA7I.01A	0.55	0.568	0.467	4	3.74	3.86	0.0953	0.473	0	0
TCGA.X8.AAAR.01A	0.76	0.447	0.0681	2	1.76	1.82	0.0545	0.393	0.0256	0.00321
TCGA.XP.A8T6.01A	0.55	0.447	0.115	2	1.99	1.99	0.164	0.283	0.00161	0.0338
TCGA.XP.A8T7.01A	0.73	0.496	0.22	2	1.89	1.92	0.121	0.375	0.0691	0.0207
TCGA.XP.A8T8.01A	0.78	0.579	0.532	6	5.31	5.46	0.0736	0.505	0	0
TCGA.Z6.A8JD.01A	0.29	0.513	0.363	2	1.8	1.94	0.0673	0.446	0.0238	0.119
TCGA.Z6.A8JE.01A	0.71	0.767	0.38	4	3.75	3.82	0.246	0.521	0	0
TCGA.Z6.A9VB.01A	0.61	0.657	0.164	2	1.99	1.99	0.266	0.391	0.0135	0.0636
TCGA.Z6.AAPN.01A	0.38	0.49	0.252	2	2.17	2.06	0.328	0.162	0	0.00544
TCGA.ZR.A9CJ.01B	0.48	0.683	0.699	4	3.79	3.9	0.216	0.467	0	0
