sampleid	purity	PC	PoP	Euploidy	pl.tumor	pl.overall	%amp	%del	%del.loh	%cn.loh
TCGA.2J.AAB1.01A	0.34	0.168	0.326	2	1.92	1.97	0.0312	0.136	0.0526	0.00195
TCGA.2J.AAB4.01A	0.25	0.0697	0.425	2	1.97	1.99	0.0157	0.054	0.0244	0
TCGA.2J.AAB6.01A	0.61	0.419	0.0343	2	1.87	1.92	0.0755	0.344	0.0036	0.0054
TCGA.2J.AAB8.01A	0.21	0.266	0.426	2	1.9	1.98	0.0508	0.215	0.041	0.0469
TCGA.2J.AAB9.01A	0.14	0.0792	0.585	2	2.03	2	0.0541	0.0251	0.0251	0.0116
TCGA.2J.AABA.01A	0.29	0.0846	0.0667	2	1.95	1.99	0.0169	0.0677	0.00376	0
TCGA.2J.AABE.01A	0.23	0.0715	0.209	2	2	2	0.025	0.0466	0.0116	0
TCGA.2J.AABF.01A	0.17	0.242	0.477	2	1.9	1.98	0.0539	0.188	0.0743	0.0167
TCGA.2J.AABH.01A	0.47	0.311	0.416	2	1.77	1.89	0.0337	0.277	0.118	0
TCGA.2J.AABI.01A	0.7	0.334	0.0526	2	1.71	1.8	0.0312	0.303	0.00586	0
TCGA.2J.AABK.01A	0.16	0.109	0.571	2	1.97	2	0.0252	0.0833	0.0271	0.0252
TCGA.2J.AABO.01A	0.38	0.412	0.591	4	3.82	3.93	0.134	0.278	0	0
TCGA.2J.AABP.01A	0.43	0.638	0.444	2	2.62	2.27	0.511	0.128	0	0.0816
TCGA.2J.AABR.01A	0.81	0.348	0	2	2	2	0.174	0.174	0	0
TCGA.2J.AABT.01A	0.21	0.28	0.331	2	2.01	2	0.155	0.125	0.0523	0.00201
TCGA.2J.AABU.01A	0.5	0.385	0.173	2	1.76	1.88	0.084	0.302	0.0267	0.0115
TCGA.2J.AABV.01A	0.69	0.134	0.0145	2	2	2	0.0524	0.0816	0	0
TCGA.2L.AAQA.01A	0.56	0.216	0.114	2	1.84	1.91	0.0351	0.181	0	0
TCGA.2L.AAQE.01A	0.49	0.248	0.631	4	3.68	3.84	0.0351	0.213	0	0
TCGA.2L.AAQI.01A	0.22	0.248	0.133	2	1.9	1.98	0.0846	0.164	0.0165	0
TCGA.2L.AAQJ.01A	0.29	0.328	0.113	2	2.06	2.02	0.228	0.1	0.013	0
TCGA.2L.AAQL.01A	0.2	0.203	0.328	2	2.07	2.01	0.07	0.133	0.0324	0.00512
TCGA.2L.AAQM.01A	0.9	0.594	0.646	2	1.4	1.46	0.0289	0.565	0.384	0
TCGA.3A.A9I5.01A	0.23	0.222	0.27	2	2.12	2.03	0.131	0.0917	0.00882	0
TCGA.3A.A9I7.01A	0.99	0.382	0	2	1.99	1.99	0.138	0.244	0	0
TCGA.3A.A9I9.01A	0.69	0.11	0.0247	2	1.98	1.99	0.0163	0.0935	0	0
TCGA.3A.A9IB.01A	0.23	0.288	0.298	2	2.04	2.01	0.141	0.147	0.0388	0
TCGA.3A.A9IC.01A	0.25	0.148	0.39	2	1.95	1.99	0.038	0.11	0.0199	0.0307
TCGA.3A.A9IH.01A	0.47	0.171	0.00735	2	2	2	0.102	0.0691	0	0
TCGA.3A.A9IJ.01A	0.82	0.0122	0	2	2	2	0.00306	0.00917	0	0
TCGA.3A.A9IL.01A	0.91	0.496	0.0831	2	1.61	1.64	0	0.496	0.0412	0
TCGA.3A.A9IR.01A	0.24	0.0851	0.0208	2	1.88	1.97	0.00532	0.0798	0.00177	0
TCGA.3A.A9IU.01A	0.75	0.18	0	2	1.88	1.91	0.0168	0.163	0	0
TCGA.3A.A9IV.01A	0.91	0.581	0.39	2	1.44	1.49	0.0017	0.579	0.227	0
TCGA.3A.A9IX.01A	0.98	0.0315	0.458	2	2	2	0.00524	0.0262	0	0.0144
TCGA.3A.A9IZ.01A	0.57	0.251	0.134	2	1.82	1.9	0.0236	0.227	0.0101	0.0101
TCGA.3E.AAAY.01A	0.99	0.164	0	2	1.99	1.99	0.0405	0.123	0	0
TCGA.3E.AAAZ.01A	0.33	0.362	0.124	2	1.81	1.94	0.0935	0.268	0.0108	0
TCGA.F2.6879.01A	0.62	0.211	0.0211	2	1.81	1.88	0.0252	0.185	0	0
TCGA.F2.6880.01A	0.05	0	NaN	2	2.01	2	0	0	0	0
TCGA.F2.7276.01A	0.62	0.0383	0	2	2	2	0.00683	0.0314	0	0
TCGA.F2.A44G.01A	0.18	0.536	0.0366	2	1.8	1.96	0.2	0.336	0.0157	0
TCGA.F2.A44H.01A	0.14	0.602	0.542	2	2.02	2	0.327	0.276	0.213	0.0476
TCGA.F2.A7TX.01A	0.18	0.171	0.402	2	1.9	1.98	0.0138	0.157	0.0306	0.0367
TCGA.F2.A8YN.01A	0.77	0.22	0	2	1.83	1.87	0.00431	0.216	0	0
TCGA.FB.A4P5.01A	0.06	0.403	0.991	2	2.04	2	0.264	0.138	0.191	0.254
TCGA.FB.A4P6.01A	0.54	0.165	0	2	1.99	1.99	0.051	0.114	0	0
TCGA.FB.A545.01A	0.66	0.569	0.314	4	3.49	3.66	0.129	0.44	0	0
TCGA.FB.A5VM.01A	0.23	0.48	0.207	2	1.97	1.99	0.234	0.246	0.0664	0.00781
TCGA.FB.A78T.01A	0.54	0.294	0.271	2	1.91	1.95	0.102	0.192	0.0436	0.0361
TCGA.FB.A7DR.01A	0.99	0.342	0	2	1.98	1.98	0.0957	0.246	0	0
TCGA.FB.AAPP.01A	0.86	0.293	0.408	4	4.14	4.12	0.125	0.168	0	0
TCGA.FB.AAPQ.01A	0.44	0.232	0.303	2	1.85	1.93	0.0419	0.19	0.0552	0
TCGA.FB.AAPS.01A	0.92	0.0573	0	2	2	2	0.0215	0.0358	0	0
TCGA.FB.AAPU.01A	0.73	0.436	0.119	2	1.9	1.93	0.104	0.333	0.0314	0
TCGA.FB.AAPY.01A	0.23	0.221	0.179	2	1.87	1.97	0.0671	0.154	0.0335	0
TCGA.FB.AAPZ.01A	0.8	0.42	0.00417	2	1.76	1.81	0.063	0.357	0	0
TCGA.FB.AAQ0.01A	0.68	0.423	0.32	4	3.87	3.91	0.114	0.309	0	0
TCGA.FB.AAQ1.01A	0.37	0.419	0.738	4	3.63	3.86	0.0744	0.344	0.00196	0
TCGA.FB.AAQ2.01A	0.43	0.318	0.154	2	2.06	2.02	0.147	0.171	0.00909	0
TCGA.FB.AAQ3.01A	0.31	0.0548	0.0968	2	2	2	0.0177	0.0371	0.0053	0
TCGA.FB.AAQ6.01A	0.59	0.467	0.137	2	1.85	1.91	0.15	0.317	0.0544	0
TCGA.FZ.5919.01A	0.16	0.384	0.488	2	1.92	1.99	0.176	0.208	0.0786	0.055
TCGA.FZ.5920.01A	0.27	0.455	0.269	2	2.05	2.01	0.266	0.189	0.0035	0.00874
TCGA.FZ.5921.01A	0.21	0.185	0.204	2	1.91	1.98	0.0251	0.16	0.0215	0.0018
TCGA.FZ.5922.01A	0.78	0.0903	0	2	1.99	1.99	0.0321	0.0582	0	0
TCGA.FZ.5923.01A	0.16	0.31	0.492	2	2.03	2	0.146	0.164	0.0575	0.0213
TCGA.FZ.5924.01A	0.4	0.14	0.395	2	2.15	2.06	0.102	0.0381	0	0
TCGA.FZ.5926.01A	0.13	0.0685	0.581	2	1.98	2	0.0191	0.0494	0.0207	0.0159
TCGA.H6.8124.01A	0.69	0.365	0.136	4	3.45	3.62	0.0249	0.34	0	0
TCGA.H6.A45N.01A	0.67	0.472	0	2	1.99	1.99	0.224	0.248	0	0
TCGA.H8.A6C1.01A	0.23	0.0968	0.295	2	1.94	1.99	0.0175	0.0794	0.0222	0
TCGA.HV.A5A3.01A	0.72	0.542	0.0162	2	1.85	1.89	0.105	0.436	0	0.00146
TCGA.HV.A5A4.01A	0.47	0.588	0.0491	2	1.93	1.97	0.109	0.478	0.00825	0.00825
TCGA.HV.A5A5.01A	0.12	0.439	0.485	2	1.97	2	0.213	0.226	0.163	0.00951
TCGA.HV.A5A6.01A	0.6	0.607	0.302	4	3.94	3.96	0.322	0.285	0	0
TCGA.HV.A7OL.01A	0.23	0.0973	0.216	2	2.03	2.01	0.0725	0.0248	0.0115	0
TCGA.HV.A7OP.01A	0.83	0.643	0.166	2	1.9	1.92	0.269	0.374	0.041	0
TCGA.HV.AA8V.01A	0.13	0.00538	0.667	2	2.01	2	0	0.00538	0.00358	0
TCGA.HV.AA8X.01A	0.61	0.355	0.0585	2	1.82	1.89	0.0832	0.272	0.0189	0
TCGA.HZ.7289.01A	0.71	0.405	0.391	4	4.12	4.09	0.174	0.231	0	0
TCGA.HZ.7918.01A	0.22	0.114	0.46	2	2.06	2.01	0.0507	0.0634	0.00906	0.00725
TCGA.HZ.7919.01A	0.32	0.144	0.329	2	2	2	0.0765	0.0674	0	0.0437
TCGA.HZ.7920.01A	0.71	0.173	0	2	2	2	0.0824	0.0908	0	0
TCGA.HZ.7922.01A	0.43	0.372	0.0443	2	2	2	0.185	0.187	0	0
TCGA.HZ.7923.01A	0.05	0.0167	1	2	2	2	0.00929	0.00743	0.0112	0.013
TCGA.HZ.7924.01A	0.1	0.241	0.91	2	1.99	2	0.108	0.133	0.155	0.0198
TCGA.HZ.7925.01A	0.2	0.194	0.398	2	1.87	1.97	0.0379	0.157	0.0654	0
TCGA.HZ.7926.01A	0.12	0.26	0.724	2	2.01	2	0.13	0.13	0.104	0.0367
TCGA.HZ.8001.01A	0.13	0.128	0.677	2	1.96	2	0.0472	0.0806	0.057	0.0177
TCGA.HZ.8002.01A	0.74	0.329	0	2	2	2	0.142	0.186	0	0
TCGA.HZ.8003.01A	0.12	0.0461	0.56	2	1.99	2	0.00369	0.0424	0.0111	0.00369
TCGA.HZ.8005.01A	0.44	0.467	0.675	4	3.86	3.94	0.154	0.313	0	0
TCGA.HZ.8315.01A	0.18	0.459	0.29	2	1.92	1.98	0.208	0.252	0.0606	0.00909
TCGA.HZ.8317.01A	0.75	0.163	0	2	2	2	0.0738	0.0896	0	0
TCGA.HZ.8519.01A	0.71	0.403	0	2	2	2	0.19	0.214	0	0
TCGA.HZ.8636.01A	0.17	0.233	0.453	2	1.99	2	0.0855	0.148	0.0544	0.0124
TCGA.HZ.8637.01A	0.15	0.383	0.601	2	1.9	1.98	0.109	0.274	0.118	0.0737
TCGA.HZ.8638.01A	0.74	0.255	0	2	2	2	0.148	0.107	0	0
TCGA.HZ.A49G.01A	0.11	0.582	0.817	2	1.9	1.99	0.281	0.3	0.342	0.0589
TCGA.HZ.A49H.01A	0.61	0.361	0	2	1.99	2	0.131	0.23	0	0
TCGA.HZ.A49I.01A	0.2	0.509	0.127	2	1.98	2	0.363	0.146	0.0396	0.0036
TCGA.HZ.A4BH.01A	0.14	0.384	0.532	2	2.02	2	0.224	0.16	0.125	0.0194
TCGA.HZ.A4BK.01A	0.15	0.163	0.505	2	1.91	1.99	0.0281	0.135	0.0594	0.0099
TCGA.HZ.A77O.01A	0.39	0.15	0.19	2	2.03	2.01	0.0661	0.0839	0	0.0214
TCGA.HZ.A77P.01A	0.12	0.422	0.677	2	2	2	0.223	0.199	0.213	0.0272
TCGA.HZ.A77Q.01A	0.19	0.304	0.248	2	1.87	1.98	0.0906	0.213	0.0585	0.00377
TCGA.HZ.A8P0.01A	0.21	0.0681	0.737	2	2.12	2.03	0.0448	0.0233	0.00896	0
TCGA.HZ.A8P1.01A	0.67	0.349	0.0479	2	1.85	1.9	0.0891	0.26	0.013	0
TCGA.HZ.A9TJ.01A	0.65	0.473	0.34	4	3.8	3.87	0.14	0.333	0	0
TCGA.HZ.A9TJ.06A	0.62	0.505	0.448	4	3.8	3.88	0.108	0.396	0	0
TCGA.IB.7644.01A	0.63	0.216	0.0725	2	1.92	1.95	0.0815	0.135	0.00157	0.0141
TCGA.IB.7645.01A	0.13	0.119	0.483	2	2	2	0.043	0.0758	0.0164	0.0287
TCGA.IB.7646.01A	0.44	0.279	0.0312	2	2.05	2.02	0.164	0.115	0	0.00437
TCGA.IB.7647.01A	0.19	0.231	0.336	2	1.92	1.98	0.0552	0.176	0.0483	0.0103
TCGA.IB.7649.01A	0.17	0.174	0.263	2	1.95	1.99	0.0476	0.126	0.0311	0.00183
TCGA.IB.7651.01A	0.11	0.555	0.772	2	1.88	1.99	0.202	0.353	0.302	0.0703
TCGA.IB.7652.01A	0.31	0.317	0.433	2	2.06	2.02	0.186	0.131	0.0211	0.0106
TCGA.IB.7654.01A	0.25	0.15	0.337	2	2.12	2.03	0.108	0.0419	0.00873	0
TCGA.IB.7885.01A	0.13	0.0462	0.654	2	1.97	2	0.00178	0.0444	0.0195	0.00533
TCGA.IB.7886.01A	0.57	0.198	0.126	2	1.98	1.99	0.0617	0.137	0	0.00167
TCGA.IB.7887.01A	0.21	0.301	0.303	2	1.96	1.99	0.167	0.134	0.0739	0.00687
TCGA.IB.7888.01A	0.11	0.113	0.901	2	1.99	2	0.0399	0.0735	0.0703	0.0112
TCGA.IB.7889.01A	0.16	0.255	0.508	2	2.02	2	0.118	0.138	0.0259	0.0359
TCGA.IB.7890.01A	0.38	0.59	0.162	2	2.21	2.08	0.421	0.169	0	0.0112
TCGA.IB.7891.01A	0.12	0.288	0.813	2	1.96	1.99	0.125	0.163	0.135	0.0635
TCGA.IB.7893.01A	0.22	0.192	0.224	2	1.89	1.98	0.0215	0.171	0.0215	0.0018
TCGA.IB.7897.01A	0.22	0.0247	0	2	2	2	0	0.0247	0	0
TCGA.IB.8126.01A	0.6	0.113	0	2	2	2	0.0673	0.0462	0	0
TCGA.IB.8127.01A	0.22	0.228	0.242	2	1.83	1.96	0.0432	0.185	0.0357	0
TCGA.IB.A5SO.01A	0.11	0.269	0.813	2	1.96	2	0.104	0.165	0.149	0.0502
TCGA.IB.A5SQ.01A	0.08	0.436	0.985	2	2.12	2.01	0.248	0.188	0.351	0.0795
TCGA.IB.A5SS.01A	0.39	0.298	0.109	2	2.15	2.06	0.265	0.0325	0	0
TCGA.IB.A5ST.01A	0.67	0.114	0	2	2	2	0.0651	0.0493	0	0
TCGA.IB.A6UF.01A	0.55	0.397	0.246	2	1.83	1.9	0.0939	0.303	0.0249	0.0211
TCGA.IB.A6UG.01A	0.29	0.456	0.174	2	2	2	0.132	0.324	0.00194	0.0311
TCGA.IB.A7LX.01A	0.67	0.442	0.139	2	1.83	1.89	0.0845	0.357	0.0117	0.0248
TCGA.IB.A7M4.01A	0.39	0.228	0.169	2	1.96	1.99	0.0965	0.131	0.0154	0
TCGA.IB.AAUM.01A	0.72	0.218	0	2	2.01	2	0.124	0.0943	0	0
TCGA.IB.AAUN.01A	0.53	0.464	0.202	2	1.75	1.87	0.121	0.344	0.0921	0
TCGA.IB.AAUO.01A	0.26	0.236	0.398	2	1.96	1.99	0.0878	0.148	0.0579	0.00399
TCGA.IB.AAUP.01A	0.97	0.122	0	2	2	2	0.0555	0.0665	0	0
TCGA.IB.AAUQ.01A	0.23	0.197	0.527	2	1.91	1.98	0.0475	0.149	0.0773	0.00176
TCGA.IB.AAUR.01A	0.63	0.0348	0	2	2	2	0.0116	0.0232	0	0
TCGA.IB.AAUS.01A	0.12	0.205	0.827	2	1.99	2	0.106	0.0987	0.115	0.0223
TCGA.IB.AAUT.01A	0.99	0.0581	0	2	2	2	0.0161	0.0419	0	0
TCGA.IB.AAUU.01A	0.72	0.176	0.00833	2	1.91	1.94	0.00587	0.17	0	0
TCGA.IB.AAUV.01A	0.11	0.0565	0.633	2	1.98	2	0.0132	0.0433	0.0188	0.00565
TCGA.IB.AAUW.01A	0.1	0.0822	0.953	2	2	2	0.0363	0.0459	0.0574	0.00574
TCGA.L1.A7W4.01A	0.71	0.371	0.0777	2	1.91	1.93	0.129	0.242	0.00769	0.00385
TCGA.LB.A7SX.01A	0.66	0.654	0.578	6	5.03	5.36	0.0822	0.572	0	0
TCGA.LB.A8F3.01A	0.3	0.464	0.312	2	2.27	2.08	0.312	0.151	0.00822	0.00164
TCGA.LB.A9Q5.01A	0.11	0.213	0.829	2	1.97	2	0.0893	0.124	0.114	0.0264
TCGA.M8.A5N4.01A	0.14	0.617	0.494	2	2.11	2.02	0.371	0.246	0.196	0.0239
TCGA.OE.A75W.01A	0.53	0.289	0.903	4	3.53	3.75	0.0529	0.236	0	0
TCGA.PZ.A5RE.01A	0.48	0.37	0.245	2	1.86	1.93	0.102	0.268	0.0354	0.0394
TCGA.Q3.A5QY.01A	0.92	0.258	0	2	2	2	0.113	0.145	0	0
TCGA.Q3.AA2A.01A	0.17	0.208	0.266	2	1.79	1.97	0.0634	0.145	0.0114	0.0228
TCGA.RB.A7B8.01A	0.19	0.0348	0.364	2	2.05	2.01	0.0174	0.0174	0.00474	0.00158
TCGA.RB.AA9M.01A	0.1	0.33	0.874	2	1.94	1.99	0.165	0.165	0.221	0.0381
TCGA.RL.AAAS.01A	0.12	0.0737	0.622	2	2.02	2	0.0578	0.0159	0.0159	0.012
TCGA.S4.A8RM.01A	0.67	0.352	0.0326	2	1.89	1.93	0.0655	0.286	0.00164	0.00982
TCGA.S4.A8RO.01A	0.71	0.306	0.147	2	1.98	1.99	0.0935	0.212	0.0126	0.0108
TCGA.S4.A8RP.01A	0.53	0.395	0.466	4	3.85	3.92	0.163	0.232	0	0
TCGA.US.A774.01A	0.72	0.356	0	2	2	2	0.187	0.169	0	0
TCGA.US.A776.01A	0.84	0.622	0.0861	4	4	4	0.339	0.283	0	0
TCGA.US.A779.01A	0.54	0.269	0.0265	2	2.02	2.01	0.198	0.0712	0	0
TCGA.US.A77E.01A	0.39	0.282	0.185	2	2.03	2.01	0.108	0.174	0	0.0174
TCGA.US.A77G.01A	0.39	0.231	0.103	2	1.88	1.95	0.075	0.156	0.0217	0.00197
TCGA.US.A77J.01A	0.57	0.0166	0	2	2	2	0	0.0166	0	0
TCGA.XD.AAUG.01A	0.99	0.0372	0	2	2	2	0.00808	0.0291	0	0
TCGA.XD.AAUH.01A	0.99	0.00699	0	2	2	2	0	0.00699	0	0
TCGA.XD.AAUI.01A	0.7	0.0364	0.154	2	2.02	2.01	0.0168	0.0196	0	0
TCGA.XD.AAUL.01A	0.22	0.0792	0.196	2	1.98	2	0.031	0.0482	0.012	0
TCGA.XN.A8T3.01A	0.28	0.308	0.158	2	1.93	1.98	0.0879	0.221	0.0355	0
TCGA.XN.A8T5.01A	0.83	0.025	0	2	2	2	0.00499	0.02	0	0
TCGA.YB.A89D.01A	0.35	0.487	0.467	4	3.67	3.89	0.0871	0.4	0.00198	0
TCGA.YH.A8SY.01A	0.3	0.463	0.0897	2	1.87	1.96	0.154	0.309	0.0158	0
TCGA.YY.A8LH.01A	0.7	0.318	0.153	4	3.8	3.86	0.0819	0.236	0	0
