sampleid	purity	PC	PoP	Euploidy	pl.tumor	pl.overall	%amp	%del	%del.loh	%cn.loh
TCGA.3B.A9HI.01A	0.68	0.541	0.233	4	3.87	3.91	0.196	0.345	0	0
TCGA.3B.A9HJ.01A	0.1	0.0515	0.935	2	2.02	2	0.0316	0.0199	0.0349	0.00498
TCGA.3B.A9HL.01A	0.82	0.267	0.106	2	1.96	1.97	0.0597	0.207	0.0182	0
TCGA.3B.A9HP.01A	0.77	0.251	0.0889	2	1.99	1.99	0.101	0.151	0	0.0186
TCGA.3B.A9HQ.01A	0.89	0.281	0.518	4	3.87	3.88	0.105	0.176	0	0
TCGA.3B.A9HR.01A	0.99	0.713	0.297	4	3.37	3.37	0.114	0.599	0	0.102
TCGA.3B.A9HS.01A	0.67	0.517	0.25	4	4.01	4.01	0.174	0.342	0	0
TCGA.3B.A9HT.01A	0.34	0.133	0.703	2	2.02	2.01	0.0757	0.0577	0.0018	0.0865
TCGA.3B.A9HU.01A	0.6	0.268	0.039	2	1.76	1.86	0.0278	0.24	0.0104	0
TCGA.3B.A9HV.01A	0.88	0.18	0.0455	2	1.94	1.95	0.0426	0.137	0	0
TCGA.3B.A9HX.01A	0.8	0.369	0.0382	2	1.85	1.88	0.0535	0.315	0	0.00141
TCGA.3B.A9HY.01A	0.88	0.23	0.356	2	1.8	1.82	0.0209	0.209	0.0803	0
TCGA.3B.A9HZ.01A	0.67	0.374	0.136	2	1.84	1.89	0.138	0.236	0.051	0
TCGA.3B.A9I0.01A	0.94	0.147	0.162	2	1.88	1.89	0.00733	0.139	0.0238	0
TCGA.3B.A9I1.01A	0.99	0.252	0.0886	2	1.9	1.9	0.0319	0.22	0.0144	0
TCGA.3R.A8YX.01A	0.85	0.404	0.288	4	3.73	3.77	0.0638	0.34	0	0
TCGA.DX.A1KU.01A	0.57	0.512	0.0629	2	2.07	2.04	0.225	0.287	0	0.00805
TCGA.DX.A1KW.01A	0.84	0.611	0.386	4	3.87	3.89	0.244	0.366	0	0
TCGA.DX.A1KX.01A	0.77	0.783	0.375	4	3.62	3.71	0.202	0.581	0	0
TCGA.DX.A1KY.01A	0.84	0.899	0.178	2	2.02	2.02	0.343	0.556	0.0535	0.0792
TCGA.DX.A1KZ.01A	0.53	0.375	0.135	2	2.18	2.09	0.233	0.141	0	0
TCGA.DX.A1L0.01A	0.79	0.612	0.109	2	2.08	2.06	0.293	0.319	0.0109	0.0344
TCGA.DX.A1L1.01A	0.67	0.534	0.281	2	2.1	2.07	0.235	0.299	0	0.0988
TCGA.DX.A1L2.01A	0.61	0.619	0.455	4	3.87	3.92	0.14	0.48	0	0
TCGA.DX.A1L3.01A	0.56	0.412	0.0377	2	2	2	0.138	0.274	0.0117	0
TCGA.DX.A1L4.01A	0.69	0.442	0.00418	2	2	2	0.165	0.277	0	0
TCGA.DX.A23R.01A	0.69	0.58	0.198	4	3.89	3.92	0.221	0.359	0	0
TCGA.DX.A23T.01A	0.47	0.469	0.0586	2	2.09	2.04	0.202	0.267	0	0
TCGA.DX.A23U.01A	0.63	0.284	0.0266	2	2.05	2.03	0.151	0.133	0	0
TCGA.DX.A23V.01A	0.58	0.439	0.0146	2	2.02	2.01	0.232	0.207	0	0
TCGA.DX.A23Y.01A	0.66	0.533	0.248	4	3.85	3.9	0.205	0.328	0	0
TCGA.DX.A23Z.01A	0.58	0.521	0.0187	2	2.05	2.03	0.221	0.301	0	0
TCGA.DX.A240.01A	0.7	0.382	0.0226	2	2.04	2.03	0.142	0.24	0	0
TCGA.DX.A2IZ.01A	0.92	0.228	0.149	2	1.99	1.99	0.0874	0.141	0.0291	0
TCGA.DX.A2J0.01A	0.88	0.266	0.116	2	1.85	1.87	0.0616	0.205	0.0272	0
TCGA.DX.A2J1.01A	0.66	0.373	0.02	2	2.03	2.02	0.155	0.218	0	0
TCGA.DX.A2J4.01A	0.83	0.266	0.0134	2	2.02	2.01	0.146	0.12	0	0
TCGA.DX.A3LS.01A	0.23	0.299	0.247	2	2.09	2.02	0.186	0.113	0.024	0
TCGA.DX.A3LT.01A	0.76	0.404	0.0549	2	1.84	1.88	0.0634	0.341	0.0174	0.00158
TCGA.DX.A3LW.01A	0.89	0.177	0.102	2	1.97	1.97	0.0557	0.121	0.0115	0
TCGA.DX.A3LY.01B	0.72	0.452	0.0451	2	1.98	1.99	0.183	0.268	0.00679	0.0017
TCGA.DX.A3M1.01A	0.91	0.409	0.2	4	3.73	3.75	0.108	0.301	0	0
TCGA.DX.A3M2.01A	0.24	0.367	0.381	2	2.17	2.04	0.166	0.201	0.0428	0.0261
TCGA.DX.A3U5.01A	0.59	0.432	0.23	2	1.98	1.99	0.123	0.309	0.042	0.0286
TCGA.DX.A3U6.01A	0.75	0.277	0.0133	2	2.01	2.01	0.114	0.162	0	0
TCGA.DX.A3U7.01A	0.91	0.623	0.34	4	3.59	3.63	0.179	0.444	0	0
TCGA.DX.A3U8.01A	0.47	0.504	0.0112	2	2.11	2.05	0.217	0.287	0	0
TCGA.DX.A3U9.01A	0.93	0.589	0.299	6	5.39	5.44	0.132	0.457	0	0
TCGA.DX.A3UA.01A	0.85	0.535	0.178	4	4	4	0.251	0.284	0	0
TCGA.DX.A3UB.01A	0.71	0.107	0.0152	2	1.96	1.97	0.0308	0.0762	0.00162	0
TCGA.DX.A3UC.01A	0.98	0.163	0.315	4	3.89	3.9	0.0249	0.138	0	0.0161
TCGA.DX.A3UD.01A	0.94	0.536	0.337	4	3.72	3.74	0.135	0.4	0	0
TCGA.DX.A3UE.01A	0.92	0.343	0.0215	2	1.86	1.87	0.0884	0.254	0	0.00737
TCGA.DX.A3UF.01A	0.89	0.531	0.332	4	3.39	3.46	0.0675	0.463	0	0
TCGA.DX.A48J.01A	0.88	0.428	0.0672	2	1.88	1.89	0.183	0.245	0.0288	0
TCGA.DX.A48K.01A	0.61	0.367	0.0806	2	1.88	1.93	0.124	0.243	0.0197	0.00592
TCGA.DX.A48L.01A	0.94	0.464	0.185	2	1.87	1.88	0.11	0.353	0.0729	0
TCGA.DX.A48N.01A	0.85	0.584	0.0354	2	2.07	2.06	0.2	0.384	0.00172	0
TCGA.DX.A48O.01A	0.95	0.31	0.451	2	1.79	1.8	0.0624	0.248	0.14	0
TCGA.DX.A48P.01A	0.94	0.268	0.315	4	3.71	3.73	0.0326	0.236	0	0
TCGA.DX.A48R.01A	0.96	0.497	0.263	2	1.79	1.79	0.114	0.383	0.129	0
TCGA.DX.A48U.01A	0.98	0.286	0.176	2	1.92	1.92	0.116	0.17	0.0503	0
TCGA.DX.A48V.01A	0.98	0.302	0.0939	6	5.38	5.39	0.0167	0.285	0	0.00167
TCGA.DX.A6B7.01A	0.99	0.0169	0.0909	2	1.99	1.99	0.00462	0.0123	0.00154	0
TCGA.DX.A6B8.01A	0.9	0.655	0.56	4	3.16	3.25	0.0672	0.587	0	0
TCGA.DX.A6B9.01A	0.86	0.216	0.274	2	1.87	1.89	0.047	0.169	0.0592	0
TCGA.DX.A6BA.01A	0.95	0.352	0.52	4	3.54	3.56	0.0427	0.31	0	0
TCGA.DX.A6BB.01A	0.96	0.338	0.576	4	4.17	4.16	0.201	0.137	0	0
TCGA.DX.A6BE.01A	0.99	0.23	0.0299	2	2.02	2.02	0.12	0.11	0	0
TCGA.DX.A6BF.01A	0.66	0.454	0.0522	2	2.03	2.02	0.27	0.183	0.00592	0.00197
TCGA.DX.A6BG.01A	0.85	0.0483	0.154	2	2.03	2.02	0.0297	0.0186	0	0
TCGA.DX.A6BH.01A	0.61	0.153	0.038	2	2.03	2.02	0.0792	0.0734	0.00386	0
TCGA.DX.A6BK.01A	0.15	0.357	0.541	2	1.96	1.99	0.158	0.199	0.0888	0.0541
TCGA.DX.A6YQ.01A	0.8	0.754	0.468	4	3.15	3.32	0.095	0.659	0	0
TCGA.DX.A6YR.01A	0.85	0.634	0.262	4	3.79	3.82	0.222	0.412	0	0
TCGA.DX.A6YS.01A	0.91	0.79	0.256	4	3.54	3.58	0.163	0.626	0	0
TCGA.DX.A6YT.01A	0.89	0.583	0.213	2	1.78	1.8	0.26	0.322	0.119	0
TCGA.DX.A6YU.01A	0.68	0.605	0.567	4	3.28	3.51	0.104	0.501	0	0
TCGA.DX.A6YV.01A	0.95	0.666	0.509	4	3.25	3.29	0.0947	0.571	0	0.0155
TCGA.DX.A6YX.01A	0.82	0.978	0.432	2	2.33	2.27	0.525	0.453	0	0.21
TCGA.DX.A6YZ.01A	0.64	0.485	0.298	4	3.73	3.82	0.131	0.354	0	0
TCGA.DX.A6Z0.01A	0.68	0.881	0.0561	2	1.64	1.75	0.147	0.734	0.0221	0.0221
TCGA.DX.A6Z2.01A	0.71	0.464	0.0547	2	1.9	1.93	0.179	0.284	0.0199	0
TCGA.DX.A7EF.01A	0.89	0.662	0.189	4	3.83	3.85	0.239	0.423	0	0
TCGA.DX.A7EI.01A	0.95	0.476	0.304	2	1.86	1.87	0.13	0.345	0.137	0.00181
TCGA.DX.A7EL.01A	0.69	0.32	0.193	2	2.04	2.03	0.142	0.178	0.00561	0
TCGA.DX.A7EN.01A	0.93	0.403	0.0216	2	1.82	1.83	0.115	0.289	0.00174	0
TCGA.DX.A7EO.01A	0.73	0.324	0.0764	2	1.9	1.93	0.136	0.188	0.0248	0
TCGA.DX.A7EQ.01A	0.93	0.255	0.0687	2	1.98	1.98	0.107	0.148	0.0175	0
TCGA.DX.A7ER.01A	0.25	0.0127	0.125	2	2.01	2	0.00795	0.00477	0	0
TCGA.DX.A7ES.01A	0.37	0.0134	0.444	2	2.02	2.01	0.00893	0.00446	0	0
TCGA.DX.A7ET.01A	0.39	0.421	0.277	2	2.26	2.1	0.279	0.142	0	0
TCGA.DX.A8BG.01A	0.47	0.708	0.458	4	3.93	3.97	0.298	0.411	0.00192	0
TCGA.DX.A8BH.01A	0.49	0.257	0.218	2	2.12	2.06	0.175	0.0824	0	0.0214
TCGA.DX.A8BJ.01A	0.83	0.891	0.00396	2	1.68	1.73	0.185	0.705	0.00176	0.00176
TCGA.DX.A8BK.01A	0.54	0.612	0.427	4	4.04	4.02	0.172	0.44	0	0
TCGA.DX.A8BL.01A	0.72	0.566	0.381	4	3.86	3.9	0.187	0.378	0	0
TCGA.DX.A8BM.01A	0.85	0.757	0.189	4	3.28	3.39	0.0865	0.67	0	0
TCGA.DX.A8BN.01A	0.75	0.361	0.216	2	1.9	1.93	0.0829	0.278	0.039	0
TCGA.DX.A8BO.01A	0.58	0.344	0.0978	2	1.8	1.88	0.0411	0.303	0.00748	0.0168
TCGA.DX.A8BP.01A	0.3	0.332	0.303	2	2.5	2.15	0.27	0.0616	0.00901	0
TCGA.DX.A8BR.01A	0.65	0.396	0.126	2	1.78	1.86	0.0722	0.324	0.0333	0.00926
TCGA.DX.A8BT.01A	0.52	0.946	0.686	2	3.67	2.87	0.907	0.0388	0	0.0742
TCGA.DX.A8BU.01A	0.93	0.48	0.465	4	3.73	3.74	0.145	0.335	0	0
TCGA.DX.A8BV.01A	0.6	0.521	0.0712	2	1.93	1.96	0.168	0.352	0.00773	0.0108
TCGA.DX.A8BX.01A	0.7	0.814	0.102	2	2.12	2.08	0.305	0.509	0	0.0588
TCGA.DX.A8BZ.01A	0.69	0.48	0.0621	2	1.86	1.9	0.187	0.293	0.0282	0
TCGA.DX.AATS.01A	0.88	0.847	0.213	4	3.75	3.78	0.25	0.597	0	0
TCGA.DX.AB2E.01A	0.73	0.771	0.259	4	3.93	3.95	0.312	0.459	0	0
TCGA.DX.AB2F.01A	0.8	0.524	0.147	4	3.7	3.76	0.12	0.404	0	0
TCGA.DX.AB2G.01A	0.69	0.305	0.0662	2	2.02	2.01	0.141	0.164	0.0101	0
TCGA.DX.AB2H.01A	0.97	0.0948	0.0426	2	2.01	2.01	0.0423	0.0524	0.00202	0
TCGA.DX.AB2J.01A	0.78	0.188	0.157	2	2.1	2.08	0.0914	0.0968	0	0
TCGA.DX.AB2L.01A	0.05	0	NaN	2	2.01	2	0	0	0	0
TCGA.DX.AB2O.01A	0.94	0.699	0.241	4	3.46	3.49	0.154	0.545	0	0
TCGA.DX.AB2P.01A	0.86	0.475	0.297	4	3.88	3.9	0.157	0.317	0	0
TCGA.DX.AB2Q.01A	0.78	0.775	0.0481	2	1.84	1.87	0.267	0.507	0.0146	0
TCGA.DX.AB2S.01A	0.99	0.117	0.0156	2	2.01	2.01	0.0679	0.0495	0	0
TCGA.DX.AB2T.01A	0.82	0.563	0.255	4	3.65	3.72	0.176	0.387	0	0
TCGA.DX.AB2V.01A	0.78	0.845	0.0657	2	1.19	1.37	0.0538	0.792	0.0556	0
TCGA.DX.AB2W.01A	0.63	0.664	0.106	2	1.68	1.8	0.11	0.553	0.00345	0.0414
TCGA.DX.AB2X.01A	0.82	0.679	0.0558	2	1.67	1.73	0.0776	0.602	0.00862	0
TCGA.DX.AB2Z.01A	0.31	0.676	0.291	2	2.27	2.08	0.445	0.231	0.0139	0.00994
TCGA.DX.AB30.01A	0.92	0.983	0.0856	2	1.43	1.48	0.0748	0.908	0.0804	0
TCGA.DX.AB32.01A	0.49	0.174	0.0505	2	1.96	1.98	0.0246	0.149	0	0.00527
TCGA.DX.AB35.01A	0.92	0.595	0.203	4	3.75	3.77	0.2	0.395	0	0.00198
TCGA.DX.AB36.01A	0.55	0.222	0.045	2	2.02	2.01	0.0838	0.138	0.002	0
TCGA.DX.AB37.01A	0.57	0.48	0.0694	2	2.06	2.03	0.222	0.259	0.0137	0
TCGA.DX.AB3A.01A	0.76	0.291	0.057	2	2	2	0.103	0.188	0.00184	0
TCGA.DX.AB3B.01A	0.56	0.111	0	2	1.92	1.96	0.0052	0.106	0	0
TCGA.DX.AB3C.01A	0.99	0.0464	0.48	2	1.97	1.97	0.0148	0.0315	0.0223	0
TCGA.FX.A2QS.01A	0.3	0.665	0.301	2	2.13	2.04	0.229	0.437	0	0.0832
TCGA.FX.A3NJ.01A	0.91	0.437	0.0797	2	1.92	1.93	0.191	0.245	0.0348	0
TCGA.FX.A3NK.01A	0.63	0.381	0.0813	2	1.97	1.98	0.135	0.246	0.00365	0.0128
TCGA.FX.A3RE.01A	0.89	0.558	0.115	4	3.72	3.75	0.176	0.382	0	0
TCGA.FX.A3TO.01A	0.9	0.672	0.301	4	4.49	4.44	0.427	0.245	0	0
TCGA.FX.A48G.01A	0.9	0.312	0.249	2	1.74	1.76	0.019	0.293	0.0776	0
TCGA.FX.A76Y.01A	0.92	0.221	0.00909	2	1.9	1.91	0.0543	0.167	0.00201	0
TCGA.FX.A8OO.01A	0.6	0.219	0.0261	2	2.06	2.04	0.143	0.0762	0	0
TCGA.HB.A2OT.01A	0.2	0.487	0.379	2	2.5	2.1	0.31	0.176	0.0661	0.0205
TCGA.HB.A3L4.01A	0.96	0.274	0.0288	2	2	2	0.124	0.15	0.00789	0
TCGA.HB.A3YV.01A	0.94	0.436	0.209	2	1.9	1.9	0.107	0.329	0.0593	0
TCGA.HB.A5W3.01A	0.84	0.611	0.259	2	1.68	1.73	0.162	0.448	0.156	0
TCGA.HS.A5N7.01A	0.79	0.518	0.163	2	1.68	1.75	0.139	0.379	0.0826	0
TCGA.HS.A5N8.01A	0.68	0.673	0.0485	2	1.68	1.78	0.107	0.566	0.0163	0.00296
TCGA.HS.A5N9.01A	0.87	0.548	0.0997	4	4.05	4.05	0.235	0.313	0	0.00166
TCGA.HS.A5NA.01A	0.89	0.554	0.0874	2	1.91	1.92	0.254	0.299	0.0358	0
TCGA.IE.A3OV.01A	0.92	0.397	0.172	2	1.75	1.77	0.0268	0.37	0.0671	0
TCGA.IE.A4EH.01A	0.91	0.327	0.339	2	1.8	1.82	0.0696	0.257	0.111	0
TCGA.IE.A4EI.01A	0.81	0.862	0.251	2	2.25	2.2	0.42	0.442	0.00196	0.2
TCGA.IE.A4EJ.01A	0.63	0.656	0.415	4	4.43	4.27	0.342	0.313	0	0
TCGA.IE.A4EK.01A	0.97	0.101	0.241	2	1.94	1.94	0.0209	0.08	0.0243	0
TCGA.IE.A6BZ.01A	0.91	0.765	0.269	4	3.13	3.2	0.127	0.638	0	0
TCGA.IF.A3RQ.01A	0.96	0.242	0.622	4	4.05	4.05	0.0952	0.147	0	0.0362
TCGA.IF.A4AJ.01A	0.81	0.73	0.402	4	3.01	3.2	0.0556	0.675	0	0
TCGA.IF.A4AK.01A	0.81	0.54	0.0774	2	1.87	1.89	0.222	0.318	0.04	0
TCGA.IS.A3K6.01A	0.92	0.183	0.179	2	1.93	1.93	0.0469	0.136	0.0328	0
TCGA.IS.A3K7.01A	0.73	0.447	0.101	2	1.64	1.74	0.0297	0.417	0.0406	0.00312
TCGA.IS.A3K8.01A	0.9	0.12	0.329	2	1.91	1.92	0.00439	0.115	0.0395	0
TCGA.IW.A3M4.01A	0.93	0.301	0.391	2	1.81	1.83	0.0519	0.249	0.118	0
TCGA.IW.A3M5.01A	0.93	0.481	0.504	4	3.62	3.65	0.1	0.381	0	0.00702
TCGA.IW.A3M6.01A	0.69	0.503	0.111	2	1.79	1.86	0.154	0.349	0.00798	0.00798
TCGA.JV.A5VE.01A	0.87	0.414	0.221	2	1.82	1.85	0.115	0.3	0.0818	0
TCGA.JV.A5VF.01A	0.89	0.6	0.334	4	3.59	3.63	0.165	0.435	0	0
TCGA.JV.A75J.01A	0.94	0.235	0.103	2	2.07	2.06	0.136	0.0992	0	0.0182
TCGA.K1.A3PN.01A	0.96	0.294	0.199	2	1.93	1.93	0.109	0.185	0.0585	0
TCGA.K1.A3PN.02A	0.92	0.518	0.158	2	1.86	1.87	0.209	0.309	0.0781	0
TCGA.K1.A3PO.01A	0.99	0.0307	0	2	1.99	1.99	0.00292	0.0277	0	0
TCGA.K1.A42W.01A	0.77	0.598	0.0917	2	1.8	1.84	0.111	0.486	0.0188	0
TCGA.K1.A42X.01A	0.97	0.217	0.094	2	1.98	1.98	0.0981	0.119	0.00926	0.0037
TCGA.K1.A42X.02A	0.93	0.402	0.201	2	1.89	1.9	0.148	0.254	0.0723	0
TCGA.K1.A6RU.01A	0.64	0.354	0.304	4	3.89	3.93	0.111	0.243	0	0
TCGA.K1.A6RV.01A	0.78	0.6	0.179	4	3.54	3.64	0.109	0.491	0	0
TCGA.KD.A5QS.01A	0.84	0.606	0.0376	2	1.65	1.71	0.114	0.492	0.0193	0
TCGA.KD.A5QT.01A	0.89	0.617	0.0678	2	1.88	1.89	0.271	0.346	0.0419	0
TCGA.KD.A5QU.01A	0.85	0.746	0.233	4	3.64	3.69	0.296	0.45	0	0
TCGA.KF.A41W.01A	0.64	0.53	0.0918	2	1.68	1.8	0.0435	0.487	0.00522	0.0383
TCGA.LI.A67I.01A	0.81	0.756	0.183	4	3.62	3.69	0.195	0.562	0	0
TCGA.LI.A9QH.01A	0.85	0.577	0.0313	2	1.77	1.81	0.0904	0.486	0.00904	0
TCGA.MB.A5Y8.01A	0.74	0.577	0.0756	2	1.7	1.78	0.117	0.46	0.0419	0
TCGA.MB.A5Y9.01A	0.14	0.461	0.568	2	1.99	2	0.172	0.289	0.133	0.0718
TCGA.MB.A5YA.01A	0.94	0.415	0.0459	2	1.93	1.94	0.199	0.216	0.0191	0
TCGA.MB.A8JK.01A	0.78	0.522	0.248	4	3.53	3.64	0.0632	0.459	0	0
TCGA.MB.A8JL.01A	0.82	0.406	0.107	2	1.92	1.93	0.194	0.212	0.0382	0.00521
TCGA.MJ.A68H.01A	0.84	0.919	0.138	4	3.41	3.5	0.299	0.62	0	0
TCGA.MJ.A68J.01A	0.17	0.154	0.568	2	2.13	2.02	0.0729	0.081	0.0194	0.00324
TCGA.MJ.A850.01A	0.15	0.0542	0.567	2	2	2	0.0199	0.0343	0.00903	0.00361
TCGA.MO.A47P.01A	0.93	0.13	0	2	2	2	0.0569	0.073	0	0
TCGA.MO.A47R.01A	0.91	0.462	0.133	4	3.42	3.47	0.0516	0.411	0	0
TCGA.N1.A6IA.01A	0.72	0.625	0.617	4	3.87	3.91	0.166	0.459	0	0
TCGA.PC.A5DK.01A	0.84	0.426	0.0498	2	1.93	1.94	0.258	0.168	0.0212	0
TCGA.PC.A5DL.01A	0.82	0.677	0.0484	2	1.74	1.78	0.147	0.53	0.0327	0
TCGA.PC.A5DM.01A	0.85	0.656	0.0368	2	1.76	1.8	0.0997	0.556	0.0113	0
TCGA.PC.A5DN.01A	0.99	0.463	0.0081	2	2.02	2.02	0.172	0.29	0	0
TCGA.PC.A5DO.01A	0.9	0.474	0.3	2	1.71	1.74	0.118	0.356	0.142	0
TCGA.PC.A5DP.01A	0.79	0.576	0.023	2	1.93	1.95	0.257	0.32	0.00828	0
TCGA.QC.A6FX.01A	0.72	0.904	0.207	4	3.43	3.59	0.203	0.702	0	0
TCGA.QC.A7B5.01A	0.61	0.817	0.124	4	3.52	3.71	0.329	0.488	0	0
TCGA.QC.AA9N.01A	0.73	0.537	0.0654	2	1.73	1.8	0.115	0.421	0.0263	0
TCGA.QQ.A5V2.01A	0.9	0.0535	0	2	2	2	0.0194	0.034	0	0
TCGA.QQ.A5V9.01A	0.61	0.775	0.174	2	1.72	1.83	0.103	0.673	0.0289	0.0514
TCGA.QQ.A5VA.01A	0.3	0.609	0.693	2	2.43	2.13	0.377	0.232	0.0151	0.266
TCGA.QQ.A5VB.01A	0.51	0.921	0.282	2	2.05	2.03	0.38	0.54	0	0.234
TCGA.QQ.A5VC.01A	0.79	0.961	0.291	2	2.16	2.13	0.432	0.529	0.00168	0.268
TCGA.QQ.A5VD.01A	0.17	0.235	0.34	2	1.91	1.98	0.0767	0.158	0.0543	0.00639
TCGA.QQ.A8VB.01A	0.91	0.587	0.296	4	3.18	3.25	0.029	0.558	0	0
TCGA.QQ.A8VD.01A	0.17	0.143	0.233	2	2.02	2	0.0884	0.055	0.00982	0.0118
TCGA.QQ.A8VF.01A	0.79	0.777	0.0354	2	1.36	1.5	0.0372	0.739	0.0275	0
TCGA.QQ.A8VG.01A	0.15	0.161	0.524	2	1.98	2	0.0888	0.072	0.0551	0.00613
TCGA.QQ.A8VH.01A	0.89	0.447	0.216	4	3.75	3.78	0.116	0.331	0	0.0014
TCGA.RN.A68Q.01A	0.83	0.335	0	2	1.99	2	0.15	0.184	0	0
TCGA.RN.AAAQ.01A	0.71	0.537	0.356	4	3.38	3.56	0.0804	0.457	0	0
TCGA.SG.A6Z4.01A	0.9	0.592	0.361	4	3.29	3.36	0.0853	0.506	0	0
TCGA.SG.A6Z7.01A	0.97	0.634	0.183	4	3.78	3.78	0.142	0.492	0	0.0122
TCGA.SG.A849.01A	0.27	0.254	0.524	2	2.12	2.03	0.182	0.0718	0.0193	0.00701
TCGA.SI.A71O.01A	0.96	0.465	0.303	4	3.69	3.7	0.1	0.365	0	0.0339
TCGA.SI.A71O.06A	0.77	0.171	0.171	4	4.01	4.01	0.0504	0.121	0	0
TCGA.SI.A71P.01A	0.39	0.264	0.517	4	3.83	3.93	0.0351	0.229	0	0.00185
TCGA.SI.A71Q.01A	0.94	0.624	0.108	4	3.7	3.72	0.174	0.45	0	0
TCGA.SI.AA8B.01A	0.82	0.775	0.143	4	3.43	3.53	0.188	0.587	0	0
TCGA.SI.AA8C.01A	0.95	0.207	0.217	2	1.87	1.88	0.0255	0.181	0.0375	0.003
TCGA.UE.A6QT.01A	0.12	0.253	0.719	2	1.97	2	0.0398	0.213	0.0969	0.0571
TCGA.UE.A6QU.01A	0.41	0.712	0.0772	2	1.79	1.92	0.171	0.541	0.00423	0.0296
TCGA.VT.A80G.01A	0.92	0.588	0.437	4	3.55	3.59	0.138	0.45	0	0
TCGA.VT.AB3D.01A	0.23	0.233	0.347	2	1.93	1.98	0.047	0.186	0.0282	0.0244
TCGA.WK.A8XO.01A	0.64	0.348	0.0979	2	1.96	1.97	0.141	0.207	0	0.00592
TCGA.WK.A8XQ.01A	0.05	0	NaN	2	2	2	0	0	0	0
TCGA.WK.A8XT.01A	0.89	0.313	0.141	2	1.92	1.93	0.137	0.176	0.044	0
TCGA.WK.A8XX.01A	0.87	0.654	0.263	4	3.53	3.59	0.186	0.469	0	0
TCGA.WK.A8XY.01A	0.98	0.289	0.563	2	1.76	1.77	0.00995	0.279	0.159	0.00332
TCGA.WP.A9GB.01A	0.96	0.626	0.176	4	3.46	3.48	0.138	0.488	0	0.0213
TCGA.X2.A95T.01A	0.95	0.365	0.29	2	1.9	1.9	0.13	0.236	0.0918	0
TCGA.X6.A7W8.01A	0.69	0.874	0.217	2	2.08	2.05	0.439	0.435	0.0296	0.115
TCGA.X6.A7WA.01A	0.82	0.238	0.137	2	1.93	1.94	0.0909	0.147	0.0255	0.00545
TCGA.X6.A7WB.01A	0.98	0.244	0.48	2	1.88	1.88	0.0693	0.174	0.117	0
TCGA.X6.A7WC.01A	0.77	0.558	0.0462	2	1.96	1.97	0.162	0.397	0.00172	0.00172
TCGA.X6.A7WD.01A	0.91	0.159	0.165	2	1.92	1.93	0.0185	0.14	0.0262	0
TCGA.X6.A8C2.01A	0.79	0.663	0.0894	2	2.14	2.11	0.374	0.289	0.0037	0.0204
TCGA.X6.A8C3.01A	0.63	0.739	0.424	4	3.74	3.84	0.251	0.488	0	0
TCGA.X6.A8C4.01A	0.94	0.857	0.269	4	3.31	3.36	0.202	0.655	0	0
TCGA.X6.A8C5.01A	0.79	0.493	0.333	4	3.7	3.77	0.166	0.327	0	0
TCGA.X6.A8C6.01A	0.56	0.629	0.195	2	2.04	2.02	0.22	0.409	0.0071	0.0639
TCGA.X6.A8C7.01A	0.13	0.277	0.671	2	1.8	1.97	0.0946	0.182	0.127	0.0304
TCGA.X9.A971.01A	0.95	0.397	0.206	4	3.91	3.92	0.148	0.249	0	0
TCGA.X9.A973.01A	0.65	0.974	0.129	2	2.19	2.12	0.3	0.675	0	0.123
TCGA.Z4.A8JB.01A	0.54	0.301	0	2	1.98	1.99	0.173	0.128	0	0
TCGA.Z4.A9VC.01A	0.08	0.113	1	2	2.01	2	0.0646	0.0485	0.0707	0.0283
TCGA.Z4.AAPF.01A	0.92	0.664	0.413	4	4.6	4.55	0.466	0.198	0	0
TCGA.Z4.AAPG.01A	0.88	0.75	0.338	4	3.02	3.14	0.0693	0.681	0	0
